
               baidu          google          bing
阿芙蓉膏      119,000         519,000         117,000         清 蕊珠旧史 《京尘杂录·长安看花记》：“丁酉夏，服阿芙蓉膏自尽矣。”
爱屋及乌      6,150,000       778,000         56,800          《尚书大传·大战》：“爱人者，兼其屋上之乌。
阿保之功      6,230           68,900          20,500
阿鼻地狱	  1,290,000       460,000         16,500          语出《法华经·法师功德品》：“下至阿鼻地狱。”
香象渡河      100,000         103,000         4,230           《优婆塞戒经·卷一·三种菩提品》：“如恒河水，三兽俱渡，兔、马、香象。兔不至底，浮水而过；马或至底，或不至底；象则尽底。”
矮人看场      112,000         1,080,000       5,370           元·程端礼《程氏家塾读书分年日程》二：“不可先看人议论，如矮人看场，无益。”
矮人看戏      497,000          274,000        11,400          清·赵翼《论诗》：“矮子看戏何曾见；都是随人说长短。”
左右逢原      48,000          1,990,000       221,000         《孟子·离娄下》：“资之深，则取之左右逢其原。”
左右逢源      7,570,000       1,990,000       81,300
安如泰山      429,000         1,090,000       17,500          
安于泰山      92,900          930,000         21,000          汉·枚乘《上书谏吴王》：“变所欲为，易于反掌，安于泰山。”
安如太山      5,210           1,750,000       3,520,000       汉·焦延寿《易林·坤之中孚》：“安如太山，福禧屡臻。虽有豺虎，不致危身。”
安若泰山      125,000         756,000         392,000         《南史·梁纪下》：“自谓安若泰山，算无遗策。”
安心落意      54,900          676,000         125,000        周立波《山乡巨变》上一：“邓秀梅又从许多知道李月辉的同志口中打听了他的出身、能力和脾气，知道他是一个可以依靠，很好合作的同志。想起这些，她又安心落意了。”
                                                              周立波《桐花没有开》：“他安心落意地收拾睡了，不久发出了鼾声。”
安心乐意      517,000         549,000         7,160           清·曹雪芹《红楼梦》第一百十四回：“我看二嫂子如今倒是安心乐意的孝敬我妈妈，比亲媳妇还强十倍呢。”
百川朝海      73,900          26,800          629,000         汉·焦赣《易林·谦之无妄》：“百川朝海，流行不止，道虽辽远，无不到者。”
百川赴海      55,600          265,000         7,900,000       《朱子语类·卷二·理气下》：“百川赴海而海不溢。”
百川归海      925,000         348,000         23,500          《淮南子·氾论训》：“百川异源，而皆归于海。”
半文半白      608,000         1,150,000       10,300          萧乾《一本褪色的相册》：“要言简意赅，因而得半文半白。”
                                                              毛泽东《农业合作化的一场辩论和当前的阶级斗争》：“主要的缺点就是古文多，半文半白的味道很大。”
半文不白      150,000         33,800,000      15,600,000      鲁迅《关于翻译的通信·来信》：“半文不白，半死不活的语言，对于大众仍旧是不顺的。”

结论：1. 还是百度搜中文相对靠谱
      2. google对于相似成语按照同一个搜索，如左右逢源和所有逢原；而对于另一组相似成语矮人看场和矮人看戏搜索结果偏差很大。
	  3. bing的搜索结果前面几页还跟关键词有关，后面基本上就是搜索成语中的字了，如半文不白的搜索结果第5页已经与该词无关了。
	  4. 百度搜索与词语的使用率有很大关系，如爱屋及乌的搜索结果中很大一部分贡献自爱屋吉屋的广告和评论。这点bing搜索也一样，如左右逢原，第14页出现“左右逢缘”，“左右逢圆”，“左右不逢源”等无关搜索结果。

	  总之，百度相对来说是基于全词检索，不会对词进行拆分；bing基于部分词检索，搜索结果中包含了对全词的部分进行检索的结果；google搜索干脆把百度百科放在第一条的位置，后面几页也有像bing一样的搜索结果。